[camera]
x=-6.251212
y=2.000612
z=5.496874
yaw=-25
pitch=-13
