[camera]
x=-4.137846
y=-0.3852232
z=1.678892
yaw=-180
pitch=78
