[camera]
x=1.100521
y=-7.299606
z=0.752774
yaw=95
pitch=13
